#CG_type mass(g/mol)
    1  149.200
    2  174.200
    3   75.100
    4  105.100
    5  155.200
    6  155.200
    7  155.200
    8  155.200
    9  155.200
   10  155.200
   11   75.100
   12  105.100
   13  131.200
   14  147.100
   15   75.100
   16  174.200
   17  117.100
   18  146.200
   19  147.100
   20  131.200
   21  119.100
   22  165.200
   23  131.200
   24  146.200
   25  132.100
   26  119.100
   27   89.100
   28  115.100
   29  146.200
   30  149.200
   31  131.200
   32  174.200
   33  147.100
   34  131.200
   35  146.200
   36  147.100
   37  119.100
   38  132.100
   39   89.100
   40   89.100
   41  131.200
   42  146.200
   43  133.100
   44  117.100
   45  174.200
   46  147.100
   47  131.200
   48  131.200
   49  174.200
   50  146.200
   51  146.200
   52  105.100
   53  146.200
   54  131.200
